% number of repeats:% 2
% enter max GFLOPS:% 6.800000
% enter nb_alg:% 128
% enter nfirst, nlast, ninc:% 100 1000 100
data_FLAME( 1, 1:2 ) = [ 100 8.888889e+00 ];
data_unb_var1( 1, 1:3 ) = [ 100 1.690617e+00  3.552714e-15];
data_blk_var1( 1, 1:3 ) = [ 100 8.771930e+00  0.000000e+00];
data_unb_var2( 1, 1:3 ) = [ 100 1.719690e+00  1.998401e-15];
data_blk_var2( 1, 1:3 ) = [ 100 8.849558e+00  0.000000e+00];
data_unb_var3( 1, 1:3 ) = [ 100 1.702128e+00  3.552714e-15];
data_blk_var3( 1, 1:3 ) = [ 100 8.928571e+00  0.000000e+00];
data_unb_var4( 1, 1:3 ) = [ 100 1.706485e+00  1.998401e-15];
data_blk_var4( 1, 1:3 ) = [ 100 8.888889e+00  0.000000e+00];
data_unb_var5( 1, 1:3 ) = [ 100 1.712329e+00  1.998401e-15];
data_blk_var5( 1, 1:3 ) = [ 100 8.849558e+00  0.000000e+00];
data_unb_var6( 1, 1:3 ) = [ 100 1.727116e+00  1.998401e-15];
data_blk_var6( 1, 1:3 ) = [ 100 8.733624e+00  0.000000e+00];
data_unb_var7( 1, 1:3 ) = [ 100 1.705030e+00  3.552714e-15];
data_blk_var7( 1, 1:3 ) = [ 100 8.888889e+00  0.000000e+00];
data_unb_var8( 1, 1:3 ) = [ 100 1.684920e+00  3.552714e-15];
data_blk_var8( 1, 1:3 ) = [ 100 8.888889e+00  0.000000e+00];

data_FLAME( 2, 1:2 ) = [ 200 9.744214e+00 ];
data_unb_var1( 2, 1:3 ) = [ 200 2.211472e+00  6.661338e-15];
data_blk_var1( 2, 1:3 ) = [ 200 9.148085e+00  2.220446e-15];
data_unb_var2( 2, 1:3 ) = [ 200 2.288330e+00  3.441691e-15];
data_blk_var2( 2, 1:3 ) = [ 200 9.142857e+00  2.220446e-15];
data_unb_var3( 2, 1:3 ) = [ 200 2.236198e+00  6.661338e-15];
data_blk_var3( 2, 1:3 ) = [ 200 9.153318e+00  2.220446e-15];
data_unb_var4( 2, 1:3 ) = [ 200 2.234637e+00  3.441691e-15];
data_blk_var4( 2, 1:3 ) = [ 200 9.142857e+00  2.220446e-15];
data_unb_var5( 2, 1:3 ) = [ 200 2.224694e+00  3.441691e-15];
data_blk_var5( 2, 1:3 ) = [ 200 9.148085e+00  2.220446e-15];
data_unb_var6( 2, 1:3 ) = [ 200 2.286041e+00  3.441691e-15];
data_blk_var6( 2, 1:3 ) = [ 200 9.142857e+00  2.220446e-15];
data_unb_var7( 2, 1:3 ) = [ 200 2.236824e+00  6.661338e-15];
data_blk_var7( 2, 1:3 ) = [ 200 9.153318e+00  2.220446e-15];
data_unb_var8( 2, 1:3 ) = [ 200 2.195390e+00  6.661338e-15];
data_blk_var8( 2, 1:3 ) = [ 200 9.163803e+00  2.220446e-15];

data_FLAME( 3, 1:2 ) = [ 300 9.535582e+00 ];
data_unb_var1( 3, 1:3 ) = [ 300 2.354275e+00  8.881784e-15];
data_blk_var1( 3, 1:3 ) = [ 300 9.323204e+00  2.664535e-15];
data_unb_var2( 3, 1:3 ) = [ 300 2.560941e+00  2.664535e-15];
data_blk_var2( 3, 1:3 ) = [ 300 9.401114e+00  2.664535e-15];
data_unb_var3( 3, 1:3 ) = [ 300 2.189337e+00  8.881784e-15];
data_blk_var3( 3, 1:3 ) = [ 300 9.347412e+00  2.664535e-15];
data_unb_var4( 3, 1:3 ) = [ 300 2.405774e+00  3.108624e-15];
data_blk_var4( 3, 1:3 ) = [ 300 9.406027e+00  2.664535e-15];
data_unb_var5( 3, 1:3 ) = [ 300 2.402883e+00  3.108624e-15];
data_blk_var5( 3, 1:3 ) = [ 300 9.391304e+00  2.664535e-15];
data_unb_var6( 3, 1:3 ) = [ 300 2.559848e+00  2.664535e-15];
data_blk_var6( 3, 1:3 ) = [ 300 9.394572e+00  2.664535e-15];
data_unb_var7( 3, 1:3 ) = [ 300 2.190669e+00  8.881784e-15];
data_blk_var7( 3, 1:3 ) = [ 300 9.355509e+00  2.664535e-15];
data_unb_var8( 3, 1:3 ) = [ 300 2.348234e+00  8.881784e-15];
data_blk_var8( 3, 1:3 ) = [ 300 9.331260e+00  2.664535e-15];

data_FLAME( 4, 1:2 ) = [ 400 9.960314e+00 ];
data_unb_var1( 4, 1:3 ) = [ 400 2.348193e+00  9.769963e-15];
data_blk_var1( 4, 1:3 ) = [ 400 9.415919e+00  2.803313e-15];
data_unb_var2( 4, 1:3 ) = [ 400 2.568785e+00  3.552714e-15];
data_blk_var2( 4, 1:3 ) = [ 400 9.477269e+00  2.803313e-15];
data_unb_var3( 4, 1:3 ) = [ 400 2.202833e+00  9.769963e-15];
data_blk_var3( 4, 1:3 ) = [ 400 9.442313e+00  2.803313e-15];
data_unb_var4( 4, 1:3 ) = [ 400 2.411954e+00  3.774758e-15];
data_blk_var4( 4, 1:3 ) = [ 400 9.509658e+00  2.803313e-15];
data_unb_var5( 4, 1:3 ) = [ 400 2.410546e+00  3.774758e-15];
data_blk_var5( 4, 1:3 ) = [ 400 9.506127e+00  2.803313e-15];
data_unb_var6( 4, 1:3 ) = [ 400 2.567703e+00  3.552714e-15];
data_blk_var6( 4, 1:3 ) = [ 400 9.475165e+00  2.803313e-15];
data_unb_var7( 4, 1:3 ) = [ 400 2.203288e+00  9.769963e-15];
data_blk_var7( 4, 1:3 ) = [ 400 9.442313e+00  2.803313e-15];
data_unb_var8( 4, 1:3 ) = [ 400 2.343936e+00  9.769963e-15];
data_blk_var8( 4, 1:3 ) = [ 400 9.411073e+00  2.803313e-15];

data_FLAME( 5, 1:2 ) = [ 500 9.853770e+00 ];
data_unb_var1( 5, 1:3 ) = [ 500 2.444127e+00  1.598721e-14];
data_blk_var1( 5, 1:3 ) = [ 500 9.644690e+00  3.663736e-15];
data_unb_var2( 5, 1:3 ) = [ 500 2.654548e+00  3.996803e-15];
data_blk_var2( 5, 1:3 ) = [ 500 9.667066e+00  3.663736e-15];
data_unb_var3( 5, 1:3 ) = [ 500 2.300501e+00  1.554312e-14];
data_blk_var3( 5, 1:3 ) = [ 500 9.640598e+00  3.663736e-15];
data_unb_var4( 5, 1:3 ) = [ 500 2.509083e+00  4.218847e-15];
data_blk_var4( 5, 1:3 ) = [ 500 9.655865e+00  3.663736e-15];
data_unb_var5( 5, 1:3 ) = [ 500 2.507824e+00  4.218847e-15];
data_blk_var5( 5, 1:3 ) = [ 500 9.659223e+00  3.663736e-15];
data_unb_var6( 5, 1:3 ) = [ 500 2.654181e+00  3.996803e-15];
data_blk_var6( 5, 1:3 ) = [ 500 9.670058e+00  3.663736e-15];
data_unb_var7( 5, 1:3 ) = [ 500 2.301390e+00  1.554312e-14];
data_blk_var7( 5, 1:3 ) = [ 500 9.640227e+00  3.663736e-15];
data_unb_var8( 5, 1:3 ) = [ 500 2.444175e+00  1.598721e-14];
data_blk_var8( 5, 1:3 ) = [ 500 9.642458e+00  3.663736e-15];

data_FLAME( 6, 1:2 ) = [ 600 9.872706e+00 ];
data_unb_var1( 6, 1:3 ) = [ 600 2.548071e+00  1.199041e-14];
data_blk_var1( 6, 1:3 ) = [ 600 9.655573e+00  3.108624e-15];
data_unb_var2( 6, 1:3 ) = [ 600 2.761601e+00  3.996803e-15];
data_blk_var2( 6, 1:3 ) = [ 600 9.681974e+00  3.108624e-15];
data_unb_var3( 6, 1:3 ) = [ 600 2.416486e+00  1.199041e-14];
data_blk_var3( 6, 1:3 ) = [ 600 9.655142e+00  3.108624e-15];
data_unb_var4( 6, 1:3 ) = [ 600 2.597340e+00  3.996803e-15];
data_blk_var4( 6, 1:3 ) = [ 600 9.678720e+00  3.108624e-15];
data_unb_var5( 6, 1:3 ) = [ 600 2.597762e+00  3.996803e-15];
data_blk_var5( 6, 1:3 ) = [ 600 9.675252e+00  3.108624e-15];
data_unb_var6( 6, 1:3 ) = [ 600 2.762060e+00  3.996803e-15];
data_blk_var6( 6, 1:3 ) = [ 600 9.672219e+00  3.108624e-15];
data_unb_var7( 6, 1:3 ) = [ 600 2.416418e+00  1.199041e-14];
data_blk_var7( 6, 1:3 ) = [ 600 9.659027e+00  3.108624e-15];
data_unb_var8( 6, 1:3 ) = [ 600 2.547620e+00  1.199041e-14];
data_blk_var8( 6, 1:3 ) = [ 600 9.660971e+00  3.108624e-15];

data_FLAME( 7, 1:2 ) = [ 700 9.891425e+00 ];
data_unb_var1( 7, 1:3 ) = [ 700 2.380341e+00  1.376677e-14];
data_blk_var1( 7, 1:3 ) = [ 700 9.631179e+00  3.219647e-15];
data_unb_var2( 7, 1:3 ) = [ 700 2.861135e+00  4.440892e-15];
data_blk_var2( 7, 1:3 ) = [ 700 9.643500e+00  3.219647e-15];
data_unb_var3( 7, 1:3 ) = [ 700 2.525076e+00  1.332268e-14];
data_blk_var3( 7, 1:3 ) = [ 700 9.655716e+00  3.219647e-15];
data_unb_var4( 7, 1:3 ) = [ 700 2.431624e+00  5.773160e-15];
data_blk_var4( 7, 1:3 ) = [ 700 9.655852e+00  3.219647e-15];
data_unb_var5( 7, 1:3 ) = [ 700 2.430246e+00  5.773160e-15];
data_blk_var5( 7, 1:3 ) = [ 700 9.649061e+00  3.219647e-15];
data_unb_var6( 7, 1:3 ) = [ 700 2.860550e+00  4.440892e-15];
data_blk_var6( 7, 1:3 ) = [ 700 9.650147e+00  3.219647e-15];
data_unb_var7( 7, 1:3 ) = [ 700 2.524147e+00  1.332268e-14];
data_blk_var7( 7, 1:3 ) = [ 700 9.652455e+00  3.219647e-15];
data_unb_var8( 7, 1:3 ) = [ 700 2.377132e+00  1.376677e-14];
data_blk_var8( 7, 1:3 ) = [ 700 9.629287e+00  3.219647e-15];

data_FLAME( 8, 1:2 ) = [ 800 1.000616e+01 ];
data_unb_var1( 8, 1:3 ) = [ 800 2.120825e+00  1.421085e-14];
data_blk_var1( 8, 1:3 ) = [ 800 9.607175e+00  3.330669e-15];
data_unb_var2( 8, 1:3 ) = [ 800 2.904511e+00  4.662937e-15];
data_blk_var2( 8, 1:3 ) = [ 800 9.659648e+00  3.108624e-15];
data_unb_var3( 8, 1:3 ) = [ 800 2.552725e+00  1.376677e-14];
data_blk_var3( 8, 1:3 ) = [ 800 9.650363e+00  3.330669e-15];
data_unb_var4( 8, 1:3 ) = [ 800 2.159800e+00  4.884981e-15];
data_blk_var4( 8, 1:3 ) = [ 800 9.678822e+00  3.108624e-15];
data_unb_var5( 8, 1:3 ) = [ 800 2.154216e+00  4.884981e-15];
data_blk_var5( 8, 1:3 ) = [ 800 9.680835e+00  3.108624e-15];
data_unb_var6( 8, 1:3 ) = [ 800 2.905500e+00  4.662937e-15];
