% number of repeats:% 2
% enter max GFLOPS:% 6.800000
% enter nb_alg:% 128
% enter nfirst, nlast, ninc:% 100 1000 100
data_FLAME( 1, 1:2 ) = [ 100 7.142857e+00 ];
data_unb_var1( 1, 1:3 ) = [ 100 1.461988e+00  3.469447e-18];
data_blk_var1( 1, 1:3 ) = [ 100 1.468429e+00  3.469447e-18];
data_unb_var2( 1, 1:3 ) = [ 100 1.412429e+00  1.561251e-17];
data_blk_var2( 1, 1:3 ) = [ 100 1.408451e+00  1.561251e-17];
data_unb_var3( 1, 1:3 ) = [ 100 1.373626e+00  1.214306e-17];
data_blk_var3( 1, 1:3 ) = [ 100 1.390821e+00  1.214306e-17];
data_unb_var4( 1, 1:3 ) = [ 100 1.388889e+00  1.214306e-17];
data_blk_var4( 1, 1:3 ) = [ 100 1.388889e+00  1.214306e-17];

data_FLAME( 2, 1:2 ) = [ 200 7.897335e+00 ];
data_unb_var1( 2, 1:3 ) = [ 200 2.210555e+00  1.734723e-18];
data_blk_var1( 2, 1:3 ) = [ 200 2.737851e+00  1.734723e-18];
data_unb_var2( 2, 1:3 ) = [ 200 2.332362e+00  7.806256e-18];
data_blk_var2( 2, 1:3 ) = [ 200 2.812940e+00  7.806256e-18];
data_unb_var3( 2, 1:3 ) = [ 200 2.003506e+00  6.938894e-18];
data_blk_var3( 2, 1:3 ) = [ 200 1.999000e+00  6.938894e-18];
data_unb_var4( 2, 1:3 ) = [ 200 2.001501e+00  6.938894e-18];
data_blk_var4( 2, 1:3 ) = [ 200 1.996008e+00  6.938894e-18];

data_FLAME( 3, 1:2 ) = [ 300 8.587786e+00 ];
data_unb_var1( 3, 1:3 ) = [ 300 2.574125e+00  8.673617e-19];
data_blk_var1( 3, 1:3 ) = [ 300 3.569068e+00  8.673617e-19];
data_unb_var2( 3, 1:3 ) = [ 300 2.311842e+00  1.084202e-17];
data_blk_var2( 3, 1:3 ) = [ 300 3.087832e+00  6.505213e-18];
data_unb_var3( 3, 1:3 ) = [ 300 2.095948e+00  4.336809e-18];
data_blk_var3( 3, 1:3 ) = [ 300 2.097087e+00  4.336809e-18];
data_unb_var4( 3, 1:3 ) = [ 300 2.092212e+00  4.336809e-18];
data_blk_var4( 3, 1:3 ) = [ 300 2.093997e+00  4.336809e-18];

data_FLAME( 4, 1:2 ) = [ 400 8.902490e+00 ];
data_unb_var1( 4, 1:3 ) = [ 400 2.764698e+00  8.673617e-19];
data_blk_var1( 4, 1:3 ) = [ 400 4.219966e+00  8.673617e-19];
data_unb_var2( 4, 1:3 ) = [ 400 2.434386e+00  7.372575e-18];
data_blk_var2( 4, 1:3 ) = [ 400 3.534349e+00  3.903128e-18];
data_unb_var3( 4, 1:3 ) = [ 400 2.320606e+00  3.035766e-18];
data_blk_var3( 4, 1:3 ) = [ 400 2.319765e+00  3.035766e-18];
data_unb_var4( 4, 1:3 ) = [ 400 2.319849e+00  3.035766e-18];
data_blk_var4( 4, 1:3 ) = [ 400 2.318757e+00  3.035766e-18];

data_FLAME( 5, 1:2 ) = [ 500 9.086283e+00 ];
data_unb_var1( 5, 1:3 ) = [ 500 2.854663e+00  8.673617e-19];
data_blk_var1( 5, 1:3 ) = [ 500 4.686211e+00  8.673617e-19];
data_unb_var2( 5, 1:3 ) = [ 500 2.567315e+00  9.107298e-18];
data_blk_var2( 5, 1:3 ) = [ 500 4.103877e+00  3.903128e-18];
data_unb_var3( 5, 1:3 ) = [ 500 2.491479e+00  2.602085e-18];
data_blk_var3( 5, 1:3 ) = [ 500 2.492970e+00  2.602085e-18];
data_unb_var4( 5, 1:3 ) = [ 500 2.498002e+00  2.602085e-18];
data_blk_var4( 5, 1:3 ) = [ 500 2.500900e+00  2.602085e-18];

data_FLAME( 6, 1:2 ) = [ 600 9.297120e+00 ];
